-----False Positives Indices-----
-----False Negatives Indices-----
73
1749
3796
5873
7619
8794
9951
14059
16390
18444
22109
22390
23101
23249
23890
27778
29519
29812
32306
33332
33475
35938
36949
40910
41089
42952
43843
47033
49684
51008
52496
54165
56199
56800
58530
59668
59676
60607
60865
61755
64921
65189
66356
67045
69316
69577
70279
74857
75849
76146
77656
79387
82480
87587
87874
88171
90015
90116
90807
92817
93598
97647
98612
99502
99984
103632
106625
107473
107764
108362
108665
109223
109809
110106
110702
110997
112150
115900
115955
120776
121709
128528
129242
131330
133623
133918
134526
134807
134937
135087
135386
137746
137877
138037
138306
138494
138611
138909
139189
139477
139767
140053
140354
140656
140960
141269
143291
143562
143856
144143
144433
144733
146197
146484
146784
146935
151607
152286
152576
153156
153456
153765
155201
155500
155963
158569
160478
160619
163930
164538
166581
170494
171215
171791
172071
174397
174544
178055
178185
178741
180522
180799
180945
181625
183873
184006
184280
184586
185650
186047
186340
186487
189820
190388
191831
192132
194916
196509
196660
199710
200882
201180
203946
205827
205974
208864
210483
210760
210903
213519
214847
215264
217306
218624
218776
221256
222114
225040
225911
228681
230004
230283
230427
233054
234371
234513
237279
240798
241669
245176
248684
248986
252450
255090
255968
264137
264700
267326
267619
268234
268521
272298
272599
276073
282221
287792
290407
290989
294205
297107
299433
300024
302670
307638
309682
313198
315234
315833
317872
318168
318748
323714
326059
328397
330740
334812
335114
337453
337757
338315
340957
343600
355571
361421
363461
376340
378673
379253
381859
384194
387147
389480
391820
394160
395911
396494
399108
401764
404699
422226
424835
427473
430122
432474
439196
441528
444138
446767
449723
454966
457298
466675
472194
474514
477466
484492
488573
494405
497336
499375
505213
507558
512544
515155
518048
520093
520391
521007
525974
535912
540416
541417
541560
544053
551087
558122
563632
566573
576793
578521
578827
582056
584666
584953
587287
587899
589793
590805
590947
593416
598415
603681
606283
608632
609527
611869
614768
620348
622979
625600
626186
628226
632039
634649
635265
645788
