-----False Positives Indices-----
414982
415056
415286
416014
416055
416095
416198
416231
416256
416295
417099
417391
418071
418124
418176
418304
418338
419955
420636
420684
420716
420922
420997
421037
421088
421268
421312
421352
421707
421732
421903
421931
421958
422053
422608
422720
422956
423524
423984
424027
424066
424231
424284
424343
424431
425106
425172
425209
425639
425765
426118
426145
426188
426496
426746
426872
427366
427410
427446
427471
427540
427779
427930
428019
428066
428093
428436
428468
429103
429133
429158
429189
429220
429826
429855
430096
430474
430510
430553
430659
431084
431133
431176
431417
431712
431764
431794
431822
432380
436343
436861
436890
436963
437009
437869
438912
438989
439015
440116
440143
441105
441354
441393
442141
442670
443347
444116
444502
444538
444587
444627
444654
444776
445158
445303
445455
445656
445782
445846
446953
447093
447794
447876
447942
448499
448527
448677
448721
448821
449091
449420
449996
450064
450106
450157
450610
450639
451395
451477
451532
451559
451601
451884
452087
453042
453135
453577
455705
455749
455920
457105
457138
457181
478994
479331
479373
479543
480482
480614
480641
480699
480756
481370
481411
481452
481583
481673
481710
481965
482364
482409
482445
482536
482568
482654
482682
482725
483025
483055
483085
483422
483507
483532
483582
483639
483705
483753
484211
484278
484313
484364
484793
484849
484899
484954
485975
486163
486205
486262
486294
486322
486855
487070
487164
487195
487522
487590
487727
487777
488180
488210
488277
489007
489072
489445
489482
489508
489637
489666
490248
490301
490685
490755
490807
491235
491376
491467
491791
491818
491846
492650
492684
492720
493476
493616
493688
493713
493926
494711
495937
496021
496230
497157
497184
497264
499041
499747
499807
500130
501348
505312
511023
511064
511095
511398
512374
513813
516093
523634
524879
529997
533653
534958
536364
537784
542259
-----False Negatives Indices-----
21
392322
395437
396518
397845
399274
399588
400521
400829
401827
402164
403475
407627
409830
410173
410497
411454
412731
413022
413367
415421
415687
416500
417689
418976
419627
420249
421564
422192
423172
423842
424779
425420
426367
427678
428666
430334
430974
431287
431617
431958
432586
432867
437512
438305
439404
440572
448047
451212
452451
455197
468219
476788
477079
477378
478193
478385
478450
479826
480948
482236
483186
484510
485774
486747
488407
488741
490041
490395
491695
492019
492984
493285
494218
495503
496793
497433
498053
498675
499337
499949
500275
500915
501237
501567
501881
502521
502863
503191
503856
504174
504488
504819
505157
505487
505816
506449
507098
507751
508068
508973
509293
510252
510564
511194
511871
512807
513402
514002
514308
514607
515233
515562
516261
516934
517586
517920
518595
519857
520183
525198
528994
541472
553965
576473
580321
580629
580943
581264
581575
581868
582179
582496
583140
585030
592114
594882
595645
596918
598184
608502
624197
625083
630884
632127
637264
639597
643744
644981
647215
