-----False Positives Indices-----
9853
18122
19468
22163
29324
31905
38745
49874
53077
57895
60753
68175
70880
74328
80049
80423
98027
100605
100895
110949
114554
119135
119712
120274
130250
132433
133624
395362
407813
-----False Negatives Indices-----
60
76076
136226
138552
159364
160024
160693
165235
166407
181582
185068
188387
190075
190744
191455
192138
192789
193490
194173
194810
195503
196227
198452
199610
207663
218912
223189
230877
236273
237968
266038
292545
328999
353743
357861
365180
374067
375711
387112
388776
391637
393128
395181
396465
397228
420493
424535
462156
466112
492708
527903
530053
532956
536473
539386
543793
546687
548833
551796
551907
557602
559628
560815
564913
566349
567803
568486
569921
570586
571186
571684
573143
574802
581518
582100
643411
646257
647321
649181
