-----False Positives Indices-----
-----False Negatives Indices-----
28
54663
82832
83459
116136
145691
146963
147063
147170
147436
147664
148274
148424
148563
148784
149615
149758
149896
150343
150862
151013
151152
151556
155174
155453
156073
205452
207059
210383
228330
231880
232136
232288
232461
232714
233510
233600
233746
234137
280593
283236
288561
294217
295527
302853
307768
344970
346366
348066
350550
353466
354505
356190
356527
357577
357922
358965
359316
360666
361966
362287
363620
363954
364965
365161
365319
366382
366712
367983
369665
371409
372466
376016
377393
378439
380125
381480
383911
385328
386756
387792
392468
392984
393128
397291
400040
416797
427508
441382
441691
441897
442874
443253
444319
444432
444582
444724
445156
447428
450096
451154
451495
452853
454434
455479
455758
457040
457947
458403
459416
460748
461074
462049
462371
463356
464637
464958
465913
466227
467509
468777
469097
470374
471661
472971
475300
476971
479954
482597
483933
484915
485245
486561
487549
487867
489056
490343
490665
491633
491958
492932
493256
493583
494566
494885
495861
496177
497146
497463
498437
498752
499078
500025
500640
500941
501546
504086
505363
506656
507610
507912
508842
509148
510404
511420
511722
512478
512809
514126
514450
515742
516057
517033
517346
518935
519447
520167
520644
520943
521864
522173
523396
523699
524596
524894
525782
526095
527354
528621
528934
529882
533591
534507
534815
536029
537271
540129
541088
541400
543644
543945
544878
545186
545505
546137
546451
546766
548019
548325
549264
550521
556500
557746
560472
562943
564206
567005
569523
570785
575866
576178
579915
581512
582459
582781
583738
585347
586608
587867
589125
592556
601997
608380
610895
612082
612394
615860
617116
618395
618711
621285
622862
623838
625104
626365
627616
631423
632370
633614
633923
637964
641758
645538
646779
648034
