-----False Positives Indices-----
112625
112828
114887
116157
116388
120273
121466
132484
138093
143360
284768
284966
285337
285547
285920
292559
296165
297021
297631
297995
298268
298560
299099
299822
300006
301758
302354
303244
305745
310487
310971
315235
315449
316300
316883
317142
319181
320978
321570
323090
323301
368517
369102
369673
374238
375699
377154
377983
378370
378570
379323
379701
380877
382894
383486
385642
385849
390498
393651
394616
395808
396909
398374
398764
398963
401022
401340
401600
402185
403672
406895
408397
409723
410197
455668
456601
456934
458141
458767
459676
464288
464492
466276
468667
472534
474349
475876
477422
478369
480026
480224
480878
481141
481690
482274
483199
483399
486691
488269
489457
489985
490991
491897
492159
493196
493428
494444
494694
496022
541518
543729
545028
547168
548619
551656
551881
554006
554998
555199
558204
559125
560405
560948
562227
562437
564424
564786
567496
569657
570556
571489
572139
572398
572720
573338
574261
574652
574881
576182
576427
576803
577009
577725
579879
637729
648987
-----False Negatives Indices-----
68
64520
68923
93918
95150
103214
112717
116278
130814
133122
269262
269779
284865
285449
298107
298402
298993
299687
301668
305576
310382
310750
315333
317033
323196
366178
378464
379138
385735
396804
398860
400867
401161
401464
406750
409570
456804
458050
464389
479884
480992
483301
488388
489189
489881
492022
493319
494571
551787
555099
560515
562333
564334
564921
572290
572591
574746
576304
576919
579230
585164
588576
590575
621591
622066
