-----False Positives Indices-----
109177
109914
110500
110874
111074
111707
112257
112847
113221
113510
113693
114333
114919
115792
116180
120278
122091
122370
123525
124463
125087
126527
127248
127818
128414
129036
129377
129659
130101
131332
132940
133796
134893
135969
136515
138125
138647
139647
140470
141547
142089
142828
143368
145142
147149
149324
149801
195641
196709
197296
197570
200769
201858
202406
203515
204655
208021
209930
211867
212423
213282
213467
213745
214884
215447
216523
220626
221733
222021
222263
223364
224986
227170
227768
228233
228845
230729
232383
232643
233770
235064
235955
237056
280984
283044
283878
284996
285561
285842
286139
287041
288706
289366
290519
293649
294198
295306
295658
296184
296758
297087
297668
297911
298287
298565
299122
299833
300013
300685
300927
301566
301796
302369
302641
303261
303857
305179
305778
308658
309655
309915
310206
310513
310979
311579
314929
315238
315480
316324
316648
316934
317161
317789
318005
318943
319192
320104
320725
321300
322143
323321
323903
367720
368285
369126
369985
370535
370917
371120
371778
371969
372342
373711
374267
375722
375987
376595
377171
377735
378316
378878
379349
379715
380304
381262
382120
382343
383507
383839
384045
384746
385022
385264
385878
386217
386741
387313
387928
388510
389430
389639
390204
390836
391050
391970
392226
393133
393676
394016
394226
394883
395829
396021
396423
396928
397865
398094
398382
398986
401031
402203
402500
405511
406078
406635
406932
407772
408150
408429
409077
409272
409745
410219
453886
454783
455159
455355
455696
456616
456962
457324
457595
458149
458784
459703
460005
461200
461490
461876
462748
463116
463361
463611
463992
464502
466060
466318
466873
467761
469264
469921
470740
472554
472903
474118
474369
476176
476609
477424
477789
478383
478758
479317
480030
480243
480885
481171
481730
482030
482302
483402
484348
485277
486081
486694
487084
487625
488295
489466
489990
490644
491276
491833
492561
493456
494461
494740
495297
496668
540285
540648
541265
541629
541817
542487
542750
543475
543761
544672
544933
545664
546835
547193
548633
549611
550350
551666
551990
552613
552814
553418
554035
554301
555203
555840
556396
557317
558234
558591
559142
559412
560416
560972
561890
563346
563908
564452
564795
565331
565703
565931
566607
567508
567881
568075
568418
568699
569334
569589
570584
571504
572155
572424
573358
573921
574279
574886
575170
575834
576436
576707
577048
577728
578370
578601
579599
580515
580704
581601
583018
626813
628505
628724
632012
632791
633287
633560
634325
634538
635116
635332
635823
636097
637754
640282
641010
642800
643576
644874
646640
647422
647610
648461
648906
-----False Negatives Indices-----
68
64520
68923
93918
95150
103214
109576
110410
110978
111823
113313
113603
122260
123429
125194
126650
127155
127705
128284
129202
129502
130000
130905
133045
137964
138234
139554
143232
143487
145002
147013
149215
149706
165783
177717
195547
196610
197422
209830
212298
213374
213643
216422
220507
221883
222157
224895
228125
232524
235819
267642
269262
269779
280893
283722
284006
285732
286016
288600
290382
295769
296928
297805
298402
298993
299687
300778
301668
302242
302533
303108
305077
305576
309535
309820
310099
310382
310657
315044
315333
316470
316755
317033
317887
319041
366178
371016
371878
373567
374143
375874
379138
382212
383666
383955
384856
385147
386031
386613
389535
390106
390955
392087
392958
393541
393840
394135
395931
396521
397984
398272
400867
402368
406529
406750
407676
407976
408269
409172
409570
455249
455556
456804
457112
457423
458050
459882
461385
463206
463507
464100
466168
469137
470630
472733
474234
477321
479884
480992
481875
482151
485990
486592
488388
489189
489881
494571
496778
541413
541723
542658
543594
544834
549724
551787
552704
554207
556288
559310
560515
564334
564628
564921
565823
567977
568275
568576
569490
572290
574124
575057
576612
576919
578468
579395
580607
581496
585164
588576
590575
621591
622066
626714
627413
628607
632147
632908
633418
634185
634434
635216
635731
635991
640186
640915
646536
647316
647517
648792
